name: bisepsSnakemake
channels:
  - bioconda
  - conda-forge
  - defaults
dependencies:
  - amply=0.1.5=pyhd8ed1ab_0
  - appdirs=1.4.4=pyh9f0ad1d_0
  - attrs=21.4.0=pyhd8ed1ab_0
  - brotlipy=0.7.0=py310he2412df_1004
  - bzip2=1.0.8=h8ffe710_4
  - ca-certificates=2022.5.18.1=h5b45459_0
  - certifi=2022.5.18.1=py310h5588dad_0
  - cffi=1.15.0=py310hcbf9ad4_0
  - charset-normalizer=2.0.12=pyhd8ed1ab_0
  - configargparse=1.5.3=pyhd8ed1ab_0
  - connection_pool=0.0.3=pyhd3deb0d_0
  - cryptography=37.0.1=py310h21b164f_0
  - datrie=0.8.2=py310he2412df_3
  - docutils=0.18.1=py310h5588dad_1
  - filelock=3.7.0=pyhd8ed1ab_0
  - gitdb=4.0.9=pyhd8ed1ab_0
  - gitpython=3.1.27=pyhd8ed1ab_0
  - glpk=5.0=h8ffe710_0
  - idna=3.3=pyhd8ed1ab_0
  - importlib-metadata=4.11.3=py310h5588dad_1
  - importlib_resources=5.7.1=pyhd8ed1ab_1
  - intel-openmp=2022.1.0=h57928b3_3787
  - jsonschema=4.5.1=pyhd8ed1ab_0
  - jupyter_core=4.10.0=py310h5588dad_0
  - libblas=3.9.0=14_win64_mkl
  - libcblas=3.9.0=14_win64_mkl
  - libffi=3.4.2=h8ffe710_5
  - liblapack=3.9.0=14_win64_mkl
  - libzlib=1.2.11=h8ffe710_1014
  - mkl=2022.0.0=h0e2418a_796
  - nbformat=5.4.0=pyhd8ed1ab_0
  - numpy=1.22.3=py310hed7ac4c_2
  - openssl=3.0.3=h8ffe710_0
  - pandas=1.4.2=py310hf5e1058_1
  - pip=22.0.4=pyhd8ed1ab_0
  - psutil=5.9.0=py310he2412df_1
  - pulp=2.6.0=py310h5588dad_1
  - pycparser=2.21=pyhd8ed1ab_0
  - pyopenssl=22.0.0=pyhd8ed1ab_0
  - pyparsing=3.0.9=pyhd8ed1ab_0
  - pyrsistent=0.18.1=py310he2412df_1
  - pysocks=1.7.1=py310h5588dad_5
  - python=3.10.4=hcf16a7b_0_cpython
  - python-dateutil=2.8.2=pyhd8ed1ab_0
  - python-fastjsonschema=2.15.3=pyhd8ed1ab_0
  - mamba=0.16.0=py39h006a82b_0
  - python_abi=3.10=2_cp310
  - pytz=2022.1=pyhd8ed1ab_0
  - pywin32=303=py310he2412df_0
  - pyyaml=6.0=py310he2412df_4
  - ratelimiter=1.2.0=py_1002
  - requests=2.27.1=pyhd8ed1ab_0
  - setuptools=62.3.2=py310h5588dad_0
  - six=1.16.0=pyh6c4a22f_0
  - smart_open=6.0.0=pyhd8ed1ab_0
  - smmap=3.0.5=pyh44b312d_0
  - snakemake-minimal=6.7.0=pyhdfd78af_0
  - sqlite=3.38.5=h8ffe710_0
  - stopit=1.1.2=py_0
  - tabulate=0.8.9=pyhd8ed1ab_0
  - tbb=2021.5.0=h2d74725_1
  - tk=8.6.12=h8ffe710_0
  - toposort=1.7=pyhd8ed1ab_0
  - traitlets=5.2.1.post0=pyhd8ed1ab_0
  - typing_extensions=4.2.0=pyha770c72_1
  - tzdata=2022a=h191b570_0
  - ucrt=10.0.20348.0=h57928b3_0
  - urllib3=1.26.9=pyhd8ed1ab_0
  - vc=14.2=hb210afc_6
  - vs2015_runtime=14.29.30037=h902a5da_6
  - wheel=0.37.1=pyhd8ed1ab_0
  - win_inet_pton=1.1.0=py310h5588dad_4
  - wrapt=1.14.1=py310he2412df_0
  - xz=5.2.5=h62dcd97_1
  - yaml=0.2.5=h8ffe710_2
  - zipp=3.8.0=pyhd8ed1ab_0
